1000
0 1
0 2
0 3
0 4
0 5
0 6
0 7
0 11
0 20
0 22
0 25
0 27
0 33
0 42
0 45
0 46
0 48
0 64
0 81
0 84
0 93
0 111
0 118
0 123
0 131
0 136
0 138
0 148
0 161
0 177
0 204
0 216
0 217
0 223
0 229
0 237
0 240
0 258
0 267
0 269
0 283
0 288
0 298
0 300
0 309
0 318
0 325
0 327
0 329
0 344
0 345
0 360
0 383
0 428
0 442
0 472
0 473
0 516
0 558
0 568
0 590
0 611
0 647
0 732
0 739
0 756
0 779
0 804
0 818
0 849
0 860
0 891
0 949
0 977
0 997
1 0
1 2
1 3
1 4
1 5
1 6
1 7
1 8
1 12
1 14
1 16
1 19
1 20
1 21
1 23
1 28
1 30
1 32
1 35
1 45
1 53
1 63
1 66
1 80
1 84
1 92
1 97
1 101
1 102
1 105
1 106
1 112
1 129
1 139
1 148
1 158
1 165
1 171
1 196
1 198
1 221
1 223
1 255
1 263
1 265
1 266
1 270
1 301
1 305
1 318
1 365
1 382
1 388
1 416
1 441
1 454
1 458
1 463
1 473
1 495
1 503
1 505
1 527
1 550
1 555
1 562
1 568
1 574
1 593
1 618
1 631
1 636
1 638
1 641
1 649
1 660
1 673
1 677
1 679
1 683
1 686
1 692
1 712
1 721
1 731
1 747
1 758
1 782
1 801
1 841
1 896
1 905
1 906
1 911
1 922
1 959
2 0
2 1
2 3
2 4
2 5
2 6
2 7
2 9
2 10
2 11
2 12
2 14
2 15
2 16
2 21
2 24
2 25
2 37
2 39
2 41
2 44
2 49
2 55
2 60
2 85
2 93
2 98
2 100
2 109
2 113
2 115
2 127
2 140
2 149
2 159
2 167
2 171
2 191
2 194
2 195
2 209
2 221
2 233
2 239
2 241
2 259
2 276
2 343
2 344
2 431
2 446
2 459
2 476
2 498
2 509
2 514
2 516
2 536
2 541
2 588
2 589
2 592
2 595
2 599
2 602
2 679
2 703
2 708
2 712
2 727
2 731
2 873
2 890
2 908
2 992
3 0
3 1
3 2
3 4
3 5
3 6
3 7
3 13
3 14
3 24
3 28
3 31
3 34
3 60
3 72
3 98
3 119
3 126
3 132
3 149
3 182
3 186
3 191
3 199
3 241
3 267
3 288
3 302
3 336
3 340
3 434
3 438
3 440
3 455
3 488
3 497
3 522
3 548
3 553
3 600
3 616
3 629
3 674
3 713
3 749
3 789
3 797
3 811
3 820
3 821
3 925
3 986
4 0
4 1
4 2
4 3
4 5
4 6
4 7
4 8
4 9
4 16
4 18
4 19
4 22
4 31
4 40
4 44
4 49
4 63
4 71
4 78
4 82
4 88
4 93
4 101
4 118
4 122
4 130
4 146
4 178
4 186
4 188
4 205
4 207
4 227
4 239
4 250
4 263
4 291
4 297
4 304
4 313
4 322
4 325
4 330
4 339
4 354
4 376
4 400
4 430
4 463
4 496
4 498
4 499
4 512
4 527
4 528
4 539
4 543
4 548
4 559
4 572
4 592
4 609
4 623
4 716
4 780
4 842
4 869
4 879
4 911
4 921
4 988
5 0
5 1
5 2
5 3
5 4
5 6
5 7
5 10
5 21
5 22
5 25
5 33
5 36
5 56
5 69
5 78
5 82
5 94
5 95
5 114
5 131
5 170
5 179
5 184
5 220
5 248
5 265
5 278
5 282
5 287
5 308
5 316
5 332
5 365
5 367
5 371
5 390
5 405
5 411
5 426
5 463
5 485
5 503
5 510
5 539
5 571
5 588
5 607
5 615
5 622
5 646
5 715
5 730
5 738
5 742
5 749
5 815
5 851
5 853
5 854
5 859
5 967
5 976
5 978
5 997
6 0
6 1
6 2
6 3
6 4
6 5
6 7
6 12
6 13
6 17
6 27
6 29
6 36
6 37
6 45
6 50
6 51
6 52
6 53
6 57
6 70
6 83
6 86
6 89
6 91
6 122
6 124
6 135
6 137
6 138
6 145
6 156
6 165
6 181
6 192
6 194
6 271
6 294
6 307
6 347
6 370
6 386
6 406
6 409
6 448
6 458
6 476
6 477
6 479
6 508
6 576
6 580
6 588
6 624
6 627
6 651
6 674
6 787
6 938
6 939
6 948
7 0
7 1
7 2
7 3
7 4
7 5
7 6
7 8
7 9
7 10
7 11
7 13
7 15
7 17
7 23
7 34
7 35
7 41
7 46
7 47
7 55
7 61
7 75
7 77
7 87
7 97
7 99
7 105
7 136
7 146
7 150
7 168
7 198
7 217
7 239
7 242
7 245
7 252
7 255
7 270
7 271
7 273
7 275
7 277
7 289
7 290
7 297
7 315
7 321
7 353
7 360
7 362
7 392
7 402
7 419
7 445
7 465
7 471
7 477
7 478
7 482
7 491
7 492
7 503
7 513
7 515
7 522
7 526
7 538
7 560
7 565
7 578
7 625
7 631
7 648
7 657
7 706
7 718
7 723
7 725
7 766
7 772
7 778
7 788
7 809
7 877
7 878
7 885
7 915
7 918
7 946
8 1
8 4
8 7
8 17
8 18
8 48
8 123
8 160
8 268
8 272
8 336
8 373
8 395
8 482
8 709
9 2
9 4
9 7
9 62
9 71
9 85
9 202
9 212
9 294
9 545
9 576
9 598
9 676
9 848
9 962
9 971
10 2
10 5
10 7
10 18
10 33
10 36
10 51
10 53
10 57
10 64
10 68
10 89
10 116
10 163
10 222
10 350
10 352
10 370
10 393
10 394
10 400
10 457
10 470
10 485
10 594
10 621
10 657
10 676
10 708
10 733
10 799
10 847
10 889
10 953
10 954
10 968
11 0
11 2
11 7
11 32
11 42
11 58
11 62
11 66
11 218
11 434
11 441
11 451
11 505
11 562
11 772
11 872
12 1
12 2
12 6
12 19
12 20
12 23
12 73
12 698
13 3
13 6
13 7
13 15
13 26
13 29
13 35
13 40
13 55
13 57
13 67
13 74
13 95
13 104
13 110
13 134
13 156
13 160
13 163
13 175
13 225
13 226
13 309
13 326
13 342
13 343
13 345
13 366
13 422
13 456
13 487
13 490
13 492
13 500
13 520
13 530
13 596
13 597
13 652
13 703
13 731
13 745
13 783
13 818
13 831
13 870
13 928
14 1
14 2
14 3
14 59
14 100
14 142
14 188
14 533
14 866
15 2
15 7
15 13
15 26
15 39
15 64
15 92
15 135
15 232
16 1
16 2
16 4
16 27
16 43
16 58
16 146
16 286
16 363
16 436
16 509
16 874
17 6
17 7
17 8
17 24
17 31
17 32
17 80
17 242
17 287
17 318
17 418
17 449
17 544
17 573
17 697
18 4
18 8
18 10
18 30
18 39
18 40
18 41
18 42
18 50
18 61
18 120
18 137
18 177
18 184
18 227
18 257
18 317
18 339
18 363
18 380
18 389
18 487
18 673
18 726
18 777
18 964
19 1
19 4
19 12
19 54
19 88
19 90
19 155
19 537
19 606
19 624
19 695
19 741
20 0
20 1
20 12
20 164
21 1
21 2
21 5
21 26
21 67
21 112
21 139
21 161
21 200
21 234
21 263
21 359
21 378
21 419
21 464
21 468
21 541
21 661
21 834
21 916
22 0
22 4
22 5
22 28
22 29
22 30
22 43
22 47
22 54
22 60
22 68
22 70
22 72
22 79
22 84
22 88
22 94
22 106
22 111
22 125
22 132
22 137
22 148
22 165
22 166
22 181
22 201
22 203
22 206
22 225
22 258
22 321
22 333
22 350
22 351
22 374
22 387
22 389
22 392
22 419
22 427
22 428
22 435
22 445
22 470
22 500
22 515
22 523
22 527
22 534
22 543
22 549
22 594
22 646
22 658
22 704
22 725
22 729
22 755
22 759
22 790
22 815
22 841
22 904
22 923
22 947
22 990
23 1
23 7
23 12
23 44
23 46
23 56
23 65
23 75
23 87
23 96
23 102
23 112
23 114
23 144
23 153
23 154
23 161
23 194
23 197
23 200
23 249
23 311
23 352
23 361
23 397
23 404
23 420
23 430
23 450
23 451
23 474
23 489
23 498
23 521
23 599
23 609
23 670
23 710
23 711
23 762
23 766
23 805
23 820
23 946
23 959
23 962
23 973
24 2
24 3
24 17
24 69
24 123
24 226
24 278
24 284
24 308
24 357
24 483
24 565
24 610
24 774
24 784
24 821
24 909
25 0
25 2
25 5
25 38
25 51
25 71
25 176
25 222
25 304
25 377
25 432
25 461
25 621
25 796
25 915
26 13
26 15
26 21
26 43
26 365
26 426
26 506
26 843
27 0
27 6
27 16
27 70
27 96
27 108
27 141
27 180
27 220
27 254
27 407
27 421
27 489
27 493
27 587
27 597
27 622
27 650
27 767
27 782
27 787
27 813
27 920
27 923
27 996
28 1
28 3
28 22
28 52
28 169
28 224
28 268
28 304
28 351
28 518
28 589
28 650
28 957
29 6
29 13
29 22
29 38
29 62
29 403
29 569
29 927
30 1
30 18
30 22
30 38
30 52
30 66
30 103
30 118
30 211
30 264
30 292
30 416
30 590
30 638
30 757
30 926
30 936
30 959
31 3
31 4
31 17
31 77
31 79
31 98
31 157
31 187
31 243
31 301
31 381
31 392
31 466
31 488
31 549
31 630
31 770
31 792
31 901
32 1
32 11
32 17
32 219
32 298
32 319
32 372
32 409
32 422
32 475
32 631
32 635
32 776
32 786
32 794
32 849
32 850
32 851
32 864
32 873
32 886
32 990
33 0
33 5
33 10
33 34
33 37
33 59
33 80
33 110
33 151
33 170
33 184
33 193
33 209
33 334
33 374
33 517
33 814
33 960
34 3
34 7
34 33
34 171
35 1
35 7
35 13
35 56
35 76
35 157
35 180
35 333
35 369
35 423
35 506
35 686
35 707
35 728
35 800
35 854
36 5
36 6
36 10
36 54
36 250
36 295
36 301
36 437
37 2
37 6
37 33
37 48
37 49
37 58
37 78
37 87
37 89
37 125
37 180
37 185
37 236
37 306
37 430
37 511
37 552
37 560
37 628
37 832
37 890
37 912
38 25
38 29
38 30
38 114
38 375
38 469
38 481
38 995
39 2
39 15
39 18
39 47
39 91
39 163
39 174
39 178
39 230
39 266
39 303
39 477
39 681
39 740
39 893
39 999
40 4
40 13
40 18
40 65
40 150
40 152
40 155
40 213
40 214
40 240
40 271
40 291
40 299
40 312
40 348
40 361
40 372
40 415
40 493
40 504
40 507
40 694
40 779
41 2
41 7
41 18
41 59
41 77
41 134
41 189
41 204
41 235
41 259
41 352
41 449
41 492
41 514
41 641
41 706
41 738
41 754
41 770
41 859
41 977
42 0
42 11
42 18
42 75
42 105
42 176
42 618
42 751
42 836
43 16
43 22
43 26
43 76
43 83
43 121
43 127
43 143
43 150
43 218
43 231
43 248
43 251
43 254
43 286
43 374
43 393
43 447
43 537
43 598
43 719
43 735
43 762
43 778
43 790
43 860
43 950
43 955
44 2
44 4
44 23
44 67
44 124
44 174
44 201
44 208
44 215
44 449
44 489
44 519
44 689
44 828
44 838
45 0
45 1
45 6
45 154
45 175
45 204
45 279
45 380
45 408
45 460
45 628
45 958
46 0
46 7
46 23
46 50
46 377
46 877
46 926
46 982
47 7
47 22
47 39
47 63
47 68
47 81
47 141
47 193
47 210
47 262
47 323
47 340
47 478
47 894
47 929
47 942
47 943
48 0
48 8
48 37
48 280
48 756
49 2
49 4
49 37
49 298
49 305
49 985
50 6
50 18
50 46
50 110
50 162
50 168
50 281
50 331
50 462
50 473
50 605
50 653
50 670
50 742
51 6
51 10
51 25
51 222
51 728
51 830
51 935
52 6
52 28
52 30
52 384
52 404
52 410
52 465
52 510
52 775
53 1
53 6
53 10
53 133
53 353
53 604
53 692
54 19
54 22
54 36
54 95
54 159
54 160
54 190
54 195
54 302
54 321
54 350
54 360
54 406
54 601
54 644
54 645
54 712
54 764
54 896
54 901
54 993
54 999
55 2
55 7
55 13
55 96
55 115
55 189
55 192
55 250
55 256
55 272
55 401
55 493
55 615
55 625
55 801
55 818
55 993
56 5
56 23
56 35
56 69
56 205
56 846
56 875
57 6
57 10
57 13
57 61
57 73
57 86
57 103
57 168
57 183
57 317
57 331
57 332
57 414
57 490
57 520
57 546
57 563
57 627
57 638
57 650
57 718
57 760
57 837
57 847
57 851
57 919
57 965
57 994
58 11
58 16
58 37
58 546
58 687
58 736
59 14
59 33
59 41
59 65
59 104
59 106
59 117
59 120
59 128
59 136
59 172
59 202
59 313
59 582
59 628
59 744
59 836
59 979
60 2
60 3
60 22
60 109
60 443
60 479
60 565
60 616
60 626
60 729
61 7
61 18
61 57
61 82
61 94
61 101
61 126
61 131
61 139
61 234
61 356
61 435
61 582
61 690
61 981
62 9
62 11
62 29
62 74
62 79
62 108
62 120
62 122
62 190
62 238
62 252
62 303
62 327
62 407
62 461
62 518
62 524
62 535
62 642
62 758
63 1
63 4
63 47
63 74
63 195
63 213
63 833
63 940
63 963
64 0
64 10
64 15
64 115
64 128
64 154
64 408
64 431
64 534
64 551
64 587
64 691
65 23
65 40
65 59
65 166
65 186
65 290
65 328
65 385
65 389
65 426
65 455
66 1
66 11
66 30
66 83
66 99
66 125
66 174
66 196
66 258
66 371
66 480
66 519
66 554
66 585
66 833
66 922
66 945
67 13
67 21
67 44
67 72
67 366
67 720
67 764
68 10
68 22
68 47
68 73
68 179
68 212
68 411
68 443
68 512
68 685
68 826
68 830
68 939
69 5
69 24
69 56
69 85
69 90
69 200
69 206
69 274
69 295
69 424
69 651
69 716
69 823
69 856
69 909
70 6
70 22
70 27
70 104
70 119
70 181
70 252
70 326
70 368
70 475
70 478
70 556
70 680
71 4
71 9
71 25
71 143
71 872
72 3
72 22
72 67
72 212
72 295
72 326
72 334
72 653
72 908
73 12
73 57
73 68
73 76
73 81
73 86
73 90
73 97
73 99
73 166
73 259
73 266
73 507
73 619
73 798
73 840
74 13
74 62
74 63
74 531
75 7
75 23
75 42
75 144
75 211
75 213
75 229
75 245
75 249
75 260
75 401
75 432
75 486
75 494
75 684
75 759
75 803
75 816
75 856
75 870
75 918
75 960
75 981
76 35
76 43
76 73
76 119
76 147
76 328
76 353
76 398
76 553
77 7
77 31
77 41
77 100
77 133
77 135
77 261
77 293
77 307
77 379
77 437
77 518
77 554
77 579
77 600
77 622
77 785
77 947
78 4
78 5
78 37
78 102
78 335
78 600
78 705
79 22
79 31
79 62
79 91
79 109
79 185
79 208
79 664
79 971
80 1
80 17
80 33
80 140
80 187
80 203
80 215
80 320
80 395
80 433
80 563
80 564
80 606
80 619
80 717
80 741
80 783
80 807
80 853
81 0
81 47
81 73
81 153
81 540
81 798
82 4
82 5
82 61
82 103
82 164
82 182
82 236
82 260
82 306
82 342
82 386
82 452
82 460
82 516
82 545
82 552
82 603
82 878
82 888
83 6
83 43
83 66
83 92
83 107
83 183
83 269
83 317
83 450
83 541
83 572
83 574
83 612
83 876
83 887
84 0
84 1
84 22
84 260
84 358
84 405
84 453
84 508
84 517
84 724
84 725
84 733
84 782
84 969
85 2
85 9
85 69
85 127
85 170
85 296
85 406
85 467
85 496
85 797
85 798
85 833
85 845
85 952
85 980
86 6
86 57
86 73
86 128
86 300
86 421
86 595
86 669
86 998
87 7
87 23
87 37
87 177
87 187
87 481
88 4
88 19
88 22
88 262
89 6
89 10
89 37
89 111
89 113
89 116
89 117
89 143
89 173
89 175
89 183
89 189
89 202
89 207
89 226
89 236
89 247
89 332
89 358
89 363
89 401
89 413
89 577
89 583
89 609
89 645
89 659
89 660
89 699
89 799
89 803
89 808
89 819
89 834
89 963
89 980
90 19
90 69
90 73
90 225
90 659
91 6
91 39
91 79
91 129
91 319
92 1
92 15
92 83
92 121
92 149
92 162
92 238
92 346
92 369
92 378
92 398
92 411
92 620
92 728
92 791
92 822
92 824
92 883
92 900
92 942
93 0
93 2
93 4
93 108
93 130
93 172
93 173
93 244
93 276
93 283
93 403
93 446
93 458
93 491
93 524
93 661
93 745
93 780
93 786
93 802
94 5
94 22
94 61
94 680
95 5
95 13
95 54
95 126
95 288
95 495
95 885
96 23
96 27
96 55
96 147
96 179
96 228
96 284
96 296
96 342
96 351
96 531
96 895
97 1
97 7
97 73
97 704
98 2
98 3
98 31
98 121
98 668
98 695
99 7
99 66
99 73
99 129
99 201
99 603
99 750
100 2
100 14
100 77
100 107
100 861
101 1
101 4
101 61
101 218
101 267
101 555
101 579
101 735
102 1
102 23
102 78
102 117
102 302
102 373
102 455
102 584
102 800
103 30
103 57
103 82
103 289
103 582
103 605
104 13
104 59
104 70
104 107
104 124
104 173
104 196
104 215
104 217
104 233
104 417
104 558
104 702
104 839
105 1
105 7
105 42
105 240
105 727
105 843
106 1
106 22
106 59
106 116
106 176
106 234
106 338
106 393
106 775
106 800
106 827
106 922
106 925
107 83
107 100
107 104
107 113
107 233
108 27
108 62
108 93
108 158
108 255
108 347
108 903
108 917
109 2
109 60
109 79
109 337
109 737
109 771
110 13
110 33
110 50
110 214
110 694
110 844
110 914
111 0
111 22
111 89
111 142
111 145
111 152
111 155
111 172
111 188
111 210
111 231
111 244
111 253
111 322
111 349
111 447
111 483
111 537
111 566
111 699
111 700
111 932
111 954
111 985
112 1
112 21
112 23
112 246
112 261
112 378
112 427
112 469
113 2
113 89
113 107
113 147
113 310
113 323
113 531
113 557
113 730
113 873
113 874
113 889
114 5
114 23
114 38
114 142
114 268
114 286
114 446
114 457
114 521
114 866
115 2
115 55
115 64
115 132
115 133
115 145
115 246
115 296
115 346
115 486
115 621
115 727
115 768
115 769
115 777
115 927
116 10
116 89
116 106
116 257
116 439
116 796
116 828
117 59
117 89
117 102
117 169
117 274
117 422
117 697
117 722
117 743
117 810
117 856
117 878
118 0
118 4
118 30
118 134
118 224
118 285
118 356
118 454
118 504
118 508
118 513
118 580
118 604
118 715
118 837
118 998
119 3
119 70
119 76
120 18
120 59
120 62
120 219
120 429
120 930
120 942
121 43
121 92
121 98
121 336
121 487
121 662
122 4
122 6
122 62
122 130
122 156
122 308
122 311
122 320
122 329
122 364
122 552
122 655
122 747
123 0
123 8
123 24
123 397
123 414
123 566
123 695
123 934
123 946
124 6
124 44
124 104
125 22
125 37
125 66
125 169
125 209
125 257
125 285
125 379
125 773
125 961
126 3
126 61
126 95
126 138
126 193
126 197
126 253
126 341
126 524
126 633
126 662
126 822
126 858
127 2
127 43
127 85
127 277
127 871
128 59
128 64
128 86
128 167
128 593
128 863
128 883
128 993
129 1
129 91
129 99
129 151
129 159
129 205
129 313
129 535
129 685
130 4
130 93
130 122
130 281
130 387
130 595
130 710
130 909
131 0
131 5
131 61
131 140
131 162
131 211
131 331
131 666
131 697
131 740
131 875
132 3
132 22
132 115
132 144
132 152
132 314
132 380
132 402
132 429
132 434
132 440
133 53
133 77
133 115
133 355
133 385
133 390
133 617
133 664
133 677
133 910
133 913
134 13
134 41
134 118
134 157
134 387
134 421
134 501
134 509
135 6
135 15
135 77
135 228
135 444
135 929
136 0
136 7
136 59
136 153
136 198
136 241
136 423
136 462
136 504
136 852
136 944
137 6
137 18
137 22
137 197
137 280
137 375
137 534
137 596
137 759
137 805
137 881
137 924
137 975
138 0
138 6
138 126
138 158
138 224
138 231
138 273
138 282
138 480
138 496
138 532
138 895
139 1
139 21
139 61
139 237
139 256
139 395
139 481
139 914
140 2
140 80
140 131
140 141
140 264
140 299
140 315
140 554
140 611
140 688
140 752
140 827
140 880
141 27
141 47
141 140
141 344
141 970
142 14
142 111
142 114
142 265
142 571
143 43
143 71
143 89
143 338
144 23
144 75
144 132
144 203
144 586
144 791
145 6
145 111
145 115
145 190
145 289
145 632
145 804
145 881
145 883
146 4
146 7
146 16
146 185
146 287
146 418
146 425
146 459
146 702
147 76
147 96
147 113
147 214
147 543
147 653
147 847
147 865
147 869
148 0
148 1
148 22
149 2
149 3
149 92
149 164
149 472
149 972
150 7
150 40
150 43
150 151
150 216
150 408
150 415
150 500
150 529
150 882
150 965
150 966
151 33
151 129
151 150
151 192
151 375
151 585
152 40
152 111
152 132
152 349
152 547
152 577
152 789
152 966
152 984
153 23
153 81
153 136
153 167
153 243
153 246
153 256
153 269
153 368
153 483
153 530
153 604
153 633
153 744
153 813
153 868
154 23
154 45
154 64
154 178
154 270
154 608
154 675
154 879
155 19
155 40
155 111
156 6
156 13
156 122
156 771
157 31
157 35
157 134
157 312
158 1
158 108
158 138
158 376
158 761
158 803
159 2
159 54
159 129
159 956
160 8
160 13
160 54
160 199
160 567
160 703
160 817
160 863
160 936
161 0
161 21
161 23
161 283
161 691
162 50
162 92
162 131
162 324
162 436
162 542
162 562
163 10
163 13
163 39
163 555
163 743
163 911
164 20
164 82
164 149
164 182
164 237
164 659
164 907
165 1
165 6
165 22
165 305
165 501
165 525
165 881
166 22
166 65
166 73
166 206
166 207
166 893
166 978
167 2
167 128
167 153
167 376
168 7
168 50
168 57
169 28
169 117
169 125
169 221
169 551
169 867
170 5
170 33
170 85
170 314
170 377
170 533
170 752
170 810
170 984
171 1
171 2
171 34
171 307
172 59
172 93
172 111
172 279
172 330
172 581
172 840
173 89
173 93
173 104
173 191
173 497
173 701
173 723
173 737
173 884
173 900
173 906
174 39
174 44
174 66
175 13
175 45
175 89
175 550
176 25
176 42
176 106
176 232
176 249
176 320
176 550
176 605
176 665
176 804
176 978
177 0
177 18
177 87
177 230
177 310
177 675
177 811
177 876
178 4
178 39
178 154
178 990
179 5
179 68
179 96
179 323
179 432
180 27
180 35
180 37
180 247
180 251
180 570
180 644
180 704
181 6
181 22
181 70
181 367
182 3
182 82
182 164
182 291
182 372
183 57
183 83
183 89
183 330
183 442
183 505
184 5
184 18
184 33
185 37
185 79
185 146
185 277
185 300
185 412
185 567
185 672
186 3
186 4
186 65
186 235
186 383
186 388
186 536
186 722
186 734
187 31
187 80
187 87
187 199
187 403
187 535
187 586
187 612
187 839
187 855
188 4
188 14
188 111
188 293
188 388
188 753
188 885
189 41
189 55
189 89
190 54
190 62
190 145
191 2
191 3
191 173
191 444
191 642
191 739
191 884
192 6
192 55
192 151
192 548
193 33
193 47
193 126
193 589
193 640
194 2
194 6
194 23
194 485
194 953
195 2
195 54
195 63
195 238
195 253
195 359
195 447
195 710
196 1
196 66
196 104
196 210
196 262
196 358
197 23
197 126
197 137
197 484
198 1
198 7
198 136
198 721
198 859
198 867
198 897
198 979
199 3
199 160
199 187
199 275
199 348
199 354
199 467
199 502
199 614
199 714
199 785
199 888
200 21
200 23
200 69
200 208
200 319
201 22
201 44
201 99
201 243
201 394
202 9
202 59
202 89
202 369
202 456
203 22
203 80
203 144
203 216
203 223
203 273
203 290
203 325
203 594
203 656
203 757
203 763
203 767
203 899
203 906
203 957
204 0
204 41
204 45
204 414
204 713
204 925
204 989
205 4
205 56
205 129
205 346
205 641
206 22
206 69
206 166
206 528
206 868
207 4
207 89
207 166
207 357
207 370
207 436
207 647
208 44
208 79
208 200
208 219
208 251
209 2
209 33
209 125
210 47
210 111
210 196
210 227
210 264
210 315
210 462
211 30
211 75
211 131
211 425
211 484
211 540
211 658
211 667
211 989
212 9
212 68
212 72
212 443
212 465
212 687
212 773
213 40
213 63
213 75
213 444
213 747
213 790
213 795
213 944
213 963
214 40
214 110
214 147
214 413
214 765
215 44
215 80
215 104
215 476
215 626
215 644
215 986
216 0
216 150
216 203
216 228
216 488
216 890
217 0
217 7
217 104
217 232
217 235
217 247
217 314
217 784
217 835
218 11
218 43
218 101
218 220
218 230
218 345
218 410
218 522
218 613
219 32
219 120
219 208
220 5
220 27
220 218
220 679
221 1
221 2
221 169
221 229
221 245
221 285
221 322
221 343
221 362
221 450
221 581
221 685
222 10
222 25
222 51
222 335
222 871
223 0
223 1
223 203
223 244
223 578
224 28
224 118
224 138
225 13
225 22
225 90
225 404
225 544
225 643
225 806
225 967
226 13
226 24
226 89
226 515
226 902
227 4
227 18
227 210
227 248
227 297
227 357
227 433
227 675
228 96
228 135
228 216
228 272
228 354
228 624
228 636
228 700
228 809
228 908
228 944
228 958
229 0
229 75
229 221
229 334
229 451
229 563
229 979
230 39
230 177
230 218
230 293
230 464
230 502
230 571
230 862
230 868
230 987
231 43
231 111
231 138
232 15
232 176
232 217
232 964
233 2
233 104
233 107
233 373
233 749
234 21
234 61
234 106
234 775
235 41
235 186
235 217
235 274
235 310
235 420
235 469
236 37
236 82
236 89
236 299
236 341
236 525
237 0
237 139
237 164
237 261
237 341
237 366
237 399
237 484
237 793
237 826
238 62
238 92
238 195
238 242
238 435
238 715
239 2
239 4
239 7
239 276
239 284
239 553
239 950
240 0
240 40
240 105
240 424
240 691
240 865
241 2
241 3
241 136
241 681
242 7
242 17
242 238
243 31
243 153
243 201
243 254
244 93
244 111
244 223
244 303
244 994
245 7
245 75
245 221
245 292
245 564
245 736
246 112
246 115
246 153
246 282
246 441
246 448
246 684
246 765
246 781
246 793
246 958
246 974
247 89
247 180
247 217
247 606
248 5
248 43
248 227
248 329
248 337
248 982
249 23
249 75
249 176
249 361
249 523
249 736
249 933
249 983
250 4
250 36
250 55
251 43
251 180
251 208
251 278
252 7
252 62
252 70
252 391
252 570
252 648
252 702
252 781
252 913
252 977
253 111
253 126
253 195
253 707
253 795
254 27
254 43
254 243
255 1
255 7
255 108
255 349
255 519
255 960
256 55
256 139
256 153
256 417
256 429
256 472
256 529
256 617
256 626
257 18
257 116
257 125
257 637
257 967
258 0
258 22
258 66
258 844
258 853
258 992
259 2
259 41
259 73
259 470
259 601
259 633
259 982
260 75
260 82
260 84
260 861
261 77
261 112
261 237
261 364
261 709
261 718
261 940
261 992
262 47
262 88
262 196
262 324
262 668
262 698
262 732
262 938
263 1
263 4
263 21
263 275
263 417
263 586
263 836
264 30
264 140
264 210
264 445
265 1
265 5
265 142
265 309
265 362
265 423
266 1
266 39
266 73
266 316
266 549
266 822
267 0
267 3
267 101
267 281
267 608
267 682
268 8
268 28
268 114
268 382
268 760
268 861
269 0
269 83
269 153
269 280
269 412
269 579
269 761
270 1
270 7
270 154
270 412
270 975
271 6
271 7
271 40
271 279
271 577
272 8
272 55
272 228
272 405
272 769
273 7
273 138
273 203
274 69
274 117
274 235
274 292
274 316
274 781
274 862
275 7
275 199
275 263
275 311
275 791
275 964
276 2
276 93
276 239
276 652
277 7
277 127
277 185
277 396
277 827
278 5
278 24
278 251
278 466
278 538
278 592
279 45
279 172
279 271
279 324
280 48
280 137
280 269
280 662
280 744
281 50
281 130
281 267
281 616
281 874
282 5
282 138
282 246
283 0
283 93
283 161
283 863
284 24
284 96
284 239
284 338
284 339
284 364
284 386
284 897
285 118
285 125
285 221
285 409
285 427
285 442
285 507
285 776
285 954
286 16
286 43
286 114
286 623
286 858
286 937
287 5
287 17
287 146
287 912
288 0
288 3
288 95
289 7
289 103
289 145
289 306
289 530
290 7
290 65
290 203
290 328
290 415
290 705
291 4
291 40
291 182
291 294
291 333
291 335
291 413
291 576
291 639
291 661
291 666
291 709
291 721
291 794
292 30
292 245
292 274
292 438
292 829
293 77
293 188
293 230
293 385
293 558
293 844
294 6
294 9
294 291
294 832
295 36
295 69
295 72
295 356
295 632
296 85
296 96
296 115
297 4
297 7
297 227
297 573
297 629
297 860
297 970
298 0
298 32
298 49
298 901
299 40
299 140
299 236
299 383
299 425
299 723
299 817
299 850
300 0
300 86
300 185
300 726
300 738
301 1
301 31
301 36
301 312
301 355
301 420
301 634
302 3
302 54
302 102
302 557
302 630
303 39
303 62
303 244
303 398
303 613
303 647
303 655
304 4
304 25
304 28
304 456
304 475
304 808
304 814
304 902
304 966
305 1
305 49
305 165
305 424
305 526
305 607
305 640
305 696
305 995
306 37
306 82
306 289
306 454
306 854
307 6
307 77
307 171
307 337
307 557
308 5
308 24
308 122
309 0
309 13
309 265
310 113
310 177
310 235
311 23
311 122
311 275
312 40
312 157
312 301
312 340
312 348
312 428
312 482
312 512
312 739
312 985
313 4
313 59
313 129
313 471
313 547
313 753
313 969
314 132
314 170
314 217
314 327
314 494
314 511
314 551
314 898
315 7
315 140
315 210
316 5
316 266
316 274
317 18
317 57
317 83
317 733
318 0
318 1
318 17
318 416
318 440
318 464
318 952
319 32
319 91
319 200
319 382
319 667
319 917
320 80
320 122
320 176
320 829
321 7
321 22
321 54
321 396
321 513
321 699
322 4
322 111
322 221
322 499
323 47
323 113
323 179
323 399
323 410
324 162
324 262
324 279
324 707
324 903
325 0
325 4
325 203
325 390
325 584
326 13
326 70
326 72
326 439
326 495
326 511
326 578
326 593
326 848
326 893
327 0
327 62
327 314
327 384
327 397
328 65
328 76
328 290
328 355
328 673
328 835
328 930
329 0
329 122
329 248
329 438
330 4
330 172
330 183
331 50
331 57
331 131
331 367
331 753
332 5
332 57
332 89
333 22
333 35
333 291
333 452
333 969
334 33
334 72
334 229
334 433
334 575
334 581
334 583
334 598
335 78
335 222
335 291
335 391
336 3
336 8
336 121
336 381
337 109
337 248
337 307
337 988
338 106
338 143
338 284
338 724
339 4
339 18
339 284
339 468
339 770
340 3
340 47
340 312
340 359
340 437
341 126
341 236
341 237
341 696
342 13
342 82
342 96
342 951
343 2
343 13
343 221
343 347
343 665
343 724
344 0
344 2
344 141
344 368
344 585
344 937
345 0
345 13
345 218
345 637
346 92
346 115
346 205
346 657
347 6
347 108
347 343
347 532
348 40
348 199
348 312
348 671
348 806
349 111
349 152
349 255
349 618
350 10
350 22
350 54
350 875
351 22
351 28
351 96
351 514
351 640
351 651
351 690
351 879
352 10
352 23
352 41
353 7
353 53
353 76
353 596
354 4
354 199
354 228
354 460
355 133
355 301
355 328
355 719
356 61
356 118
356 295
357 24
357 207
357 227
357 371
357 394
357 603
357 620
357 768
358 84
358 89
358 196
358 545
358 561
358 772
358 812
359 21
359 195
359 340
359 855
359 882
360 0
360 7
360 54
360 674
361 23
361 40
361 249
361 400
361 591
361 902
361 937
362 7
362 221
362 265
362 381
362 599
363 16
363 18
363 89
363 379
363 561
363 726
364 122
364 261
364 284
364 384
364 829
364 940
365 1
365 5
365 26
366 13
366 67
366 237
366 486
366 510
366 575
367 5
367 181
367 331
367 452
367 635
367 991
368 70
368 153
368 344
368 399
369 35
369 92
369 202
370 6
370 10
370 207
371 5
371 66
371 357
371 630
372 32
372 40
372 182
372 528
372 956
373 8
373 102
373 233
373 466
373 539
374 22
374 33
374 43
374 525
374 542
374 689
374 862
375 38
375 137
375 151
376 4
376 158
376 167
376 391
376 474
376 763
376 970
377 25
377 46
377 170
377 826
377 857
378 21
378 92
378 112
378 396
378 591
378 625
378 895
379 77
379 125
379 363
379 544
380 18
380 45
380 132
380 402
380 928
381 31
381 336
381 362
381 572
381 717
381 889
382 1
382 268
382 319
382 523
383 0
383 186
383 299
383 459
383 461
383 474
383 611
383 720
383 835
384 52
384 327
384 364
385 65
385 133
385 293
385 591
385 771
385 921
386 6
386 82
386 284
386 556
387 22
387 130
387 134
387 520
387 934
387 968
388 1
388 186
388 188
388 407
389 18
389 22
389 65
390 5
390 133
390 325
390 418
390 672
390 754
391 252
391 335
391 376
392 7
392 22
392 31
393 10
393 43
393 106
393 457
393 717
394 10
394 201
394 357
395 8
395 80
395 139
395 668
395 684
395 787
396 277
396 321
396 378
396 608
397 23
397 123
397 327
397 681
398 76
398 92
398 303
398 612
399 237
399 323
399 368
400 4
400 10
400 361
400 812
401 55
401 75
401 89
402 7
402 132
402 380
402 654
402 896
403 29
403 93
403 187
404 23
404 52
404 225
404 952
405 5
405 84
405 272
405 453
405 497
405 678
405 823
405 845
405 907
406 6
406 54
406 85
406 602
406 719
407 27
407 62
407 388
407 693
407 905
408 45
408 64
408 150
408 583
408 590
408 808
409 6
409 32
409 285
409 807
410 52
410 218
410 323
410 629
411 5
411 68
411 92
411 678
411 680
411 706
411 811
411 914
411 951
412 185
412 269
412 270
412 448
413 89
413 214
413 291
413 663
414 57
414 123
414 204
415 40
415 150
415 290
416 1
416 30
416 318
416 643
417 104
417 256
417 263
417 801
417 888
418 17
418 146
418 390
418 506
418 584
418 669
418 915
419 7
419 21
419 22
419 490
419 491
419 820
419 857
419 949
420 23
420 235
420 301
420 663
420 824
421 27
421 86
421 134
421 654
421 792
421 941
422 13
422 32
422 117
422 933
423 35
423 136
423 265
424 69
424 240
424 305
424 869
425 146
425 211
425 299
425 502
426 5
426 26
426 65
426 670
426 897
427 22
427 112
427 285
427 439
427 619
427 751
427 819
428 0
428 22
428 312
428 828
429 120
429 132
429 256
429 431
429 748
430 4
430 23
430 37
431 2
431 64
431 429
432 25
432 75
432 179
432 479
433 80
433 227
433 334
433 533
433 924
433 948
434 3
434 11
434 132
434 480
434 494
435 22
435 61
435 238
435 696
436 16
436 162
436 207
436 636
437 36
437 77
437 340
437 501
438 3
438 292
438 329
438 654
439 116
439 326
439 427
439 517
439 677
439 745
439 786
440 3
440 132
440 318
441 1
441 11
441 246
441 730
442 0
442 183
442 285
442 468
443 60
443 68
443 212
443 864
443 894
444 135
444 191
444 213
444 471
444 529
444 559
444 713
445 7
445 22
445 264
445 892
446 2
446 93
446 114
446 615
447 43
447 111
447 195
447 649
447 701
447 794
448 6
448 246
448 412
448 757
449 17
449 41
449 44
449 467
449 802
449 941
450 23
450 83
450 221
450 453
451 11
451 23
451 229
451 773
452 82
452 333
452 367
452 614
452 825
452 830
453 84
453 405
453 450
454 1
454 118
454 306
454 740
454 817
455 3
455 65
455 102
455 560
456 13
456 202
456 304
457 10
457 114
457 393
458 1
458 6
458 93
458 842
459 2
459 146
459 383
459 637
459 789
460 45
460 82
460 354
460 807
461 25
461 62
461 383
461 886
462 50
462 136
462 210
462 613
462 614
463 1
463 4
463 5
463 601
464 21
464 230
464 318
464 567
464 812
465 7
465 52
465 212
465 748
466 31
466 278
466 373
466 559
467 85
467 199
467 449
467 821
468 21
468 339
468 442
469 38
469 112
469 235
469 569
470 10
470 22
470 259
470 682
471 7
471 313
471 444
471 617
471 768
472 0
472 149
472 256
473 0
473 1
473 50
473 499
474 23
474 376
474 383
474 813
475 32
475 70
475 304
476 2
476 6
476 215
476 755
477 6
477 7
477 39
477 569
478 7
478 47
478 70
478 568
478 735
479 6
479 60
479 432
479 556
479 656
480 66
480 138
480 434
481 38
481 87
481 139
481 573
481 932
482 7
482 8
482 312
483 24
483 111
483 153
483 903
483 961
484 197
484 211
484 237
485 5
485 10
485 194
485 743
485 751
486 75
486 115
486 366
487 13
487 18
487 121
488 3
488 31
488 216
488 602
489 23
489 27
489 44
489 575
490 13
490 57
490 419
491 7
491 93
491 419
492 7
492 13
492 41
492 672
492 841
492 899
493 27
493 40
493 55
493 910
494 75
494 314
494 434
494 542
494 806
494 849
495 1
495 95
495 326
495 956
496 4
496 85
496 138
496 538
496 825
496 927
496 943
497 3
497 173
497 405
497 779
497 929
498 2
498 4
498 23
498 526
498 536
498 561
498 648
498 746
498 973
499 4
499 322
499 473
499 547
499 761
500 13
500 22
500 150
501 134
501 165
501 437
501 570
501 597
502 199
502 230
502 425
502 720
502 729
503 1
503 5
503 7
504 40
504 118
504 136
504 540
504 755
505 1
505 11
505 183
506 26
506 35
506 418
506 639
507 40
507 73
507 285
507 919
508 6
508 84
508 118
508 532
508 852
509 2
509 16
509 134
509 722
510 5
510 52
510 366
511 37
511 314
511 326
512 4
512 68
512 312
513 7
513 118
513 321
513 858
513 976
514 2
514 41
514 351
514 843
515 7
515 22
515 226
516 0
516 2
516 82
516 546
517 33
517 84
517 439
518 28
518 62
518 77
518 607
518 986
519 44
519 66
519 255
519 521
519 667
520 13
520 57
520 387
520 750
520 943
521 23
521 114
521 519
521 587
522 3
522 7
522 218
523 22
523 249
523 382
523 620
523 663
523 834
524 62
524 93
524 126
524 564
525 165
525 236
525 374
526 7
526 305
526 498
526 639
527 1
527 4
527 22
527 574
527 610
527 864
528 4
528 206
528 372
528 783
529 150
529 256
529 444
530 13
530 153
530 289
530 938
531 74
531 96
531 113
532 138
532 347
532 508
532 643
532 683
533 14
533 170
533 433
533 566
533 769
534 22
534 64
534 137
535 62
535 129
535 187
536 2
536 186
536 498
536 642
536 737
537 19
537 43
537 111
537 846
538 7
538 278
538 496
538 825
538 867
539 4
539 5
539 373
539 664
539 666
539 741
539 797
539 996
540 81
540 211
540 504
540 671
541 2
541 21
541 83
542 162
542 374
542 494
542 972
543 4
543 22
543 147
543 746
543 784
544 17
544 225
544 379
545 9
545 82
545 358
545 683
545 687
545 756
546 57
546 58
546 516
546 698
546 866
547 152
547 313
547 499
547 634
547 693
547 934
548 3
548 4
548 192
549 22
549 31
549 266
550 1
550 175
550 176
550 933
551 64
551 169
551 314
551 610
552 37
552 82
552 122
552 700
552 845
553 3
553 76
553 239
553 694
554 66
554 77
554 140
555 1
555 101
555 163
555 900
556 70
556 386
556 479
556 762
557 113
557 302
557 307
558 0
558 104
558 293
559 4
559 444
559 466
560 7
560 37
560 455
560 814
561 358
561 363
561 498
561 823
561 882
561 945
562 1
562 11
562 162
562 734
563 57
563 80
563 229
563 678
563 708
563 930
564 80
564 245
564 524
565 7
565 24
565 60
565 711
565 819
565 994
566 111
566 123
566 533
567 160
567 185
567 464
567 785
568 0
568 1
568 478
569 29
569 469
569 477
569 656
570 180
570 252
570 501
570 632
570 832
571 5
571 142
571 230
571 796
571 846
572 4
572 83
572 381
572 758
573 17
573 297
573 481
573 688
574 1
574 83
574 527
574 676
575 334
575 366
575 489
576 6
576 9
576 291
576 580
577 89
577 152
577 271
578 7
578 223
578 326
579 77
579 101
579 269
579 627
579 774
580 6
580 118
580 576
580 693
581 172
581 221
581 334
581 658
581 660
581 692
582 59
582 61
582 103
582 936
583 89
583 334
583 408
584 102
584 325
584 418
585 66
585 151
585 344
585 788
585 923
586 144
586 187
586 263
587 27
587 64
587 521
587 920
588 2
588 5
588 6
588 652
588 742
588 766
589 2
589 28
589 193
590 0
590 30
590 408
590 623
591 361
591 378
591 385
591 948
592 2
592 4
592 278
592 635
592 997
593 1
593 128
593 326
594 10
594 22
594 203
595 2
595 86
595 130
596 13
596 137
596 353
596 962
597 13
597 27
597 501
597 916
598 9
598 43
598 334
599 2
599 23
599 362
600 3
600 77
600 78
600 989
601 54
601 259
601 463
602 2
602 406
602 488
602 649
602 961
603 82
603 99
603 357
604 53
604 118
604 153
604 655
605 50
605 103
605 176
606 19
606 80
606 247
607 5
607 305
607 518
607 646
608 154
608 267
608 396
608 711
608 788
609 4
609 23
609 89
610 24
610 527
610 551
611 0
611 140
611 383
611 910
611 984
612 83
612 187
612 398
612 690
613 218
613 303
613 462
614 199
614 452
614 462
614 634
615 5
615 55
615 446
615 689
616 3
616 60
616 281
616 760
616 987
617 133
617 256
617 471
617 665
617 857
617 919
617 921
618 1
618 42
618 349
619 73
619 80
619 427
619 732
619 750
620 92
620 357
620 523
620 795
621 10
621 25
621 115
622 5
622 27
622 77
622 686
622 688
622 714
622 752
622 754
622 983
623 4
623 286
623 590
623 904
624 6
624 19
624 228
625 7
625 55
625 378
625 884
626 60
626 215
626 256
627 6
627 57
627 579
628 37
628 45
628 59
629 3
629 297
629 410
630 31
630 302
630 371
630 848
631 1
631 7
631 32
632 145
632 295
632 570
632 765
632 837
633 126
633 153
633 259
634 301
634 547
634 614
635 32
635 367
635 592
635 973
636 1
636 228
636 436
636 645
637 257
637 345
637 459
637 980
638 1
638 30
638 57
638 716
638 799
638 999
639 291
639 506
639 526
640 193
640 305
640 351
641 1
641 41
641 205
642 62
642 191
642 536
642 682
642 839
643 225
643 416
643 532
644 54
644 180
644 215
645 54
645 89
645 636
646 5
646 22
646 607
646 671
647 0
647 207
647 303
648 7
648 252
648 498
649 1
649 447
649 602
650 27
650 28
650 57
651 6
651 69
651 351
651 892
651 913
652 13
652 276
652 588
653 50
653 72
653 147
653 928
654 402
654 421
654 438
654 957
655 122
655 303
655 604
656 203
656 479
656 569
656 705
657 7
657 10
657 346
658 22
658 211
658 581
658 669
659 89
659 90
659 164
660 1
660 89
660 581
661 21
661 93
661 291
662 121
662 126
662 280
663 413
663 420
663 523
664 79
664 133
664 539
665 176
665 343
665 617
665 850
666 131
666 291
666 539
666 976
666 987
667 211
667 319
667 519
668 98
668 262
668 395
669 86
669 418
669 658
669 880
670 23
670 50
670 426
671 348
671 540
671 646
671 734
672 185
672 390
672 492
673 1
673 18
673 328
674 3
674 6
674 360
674 701
674 892
675 154
675 177
675 227
675 805
675 831
675 949
676 9
676 10
676 574
676 763
676 974
677 1
677 133
677 439
678 405
678 411
678 563
678 939
679 1
679 2
679 220
679 774
679 918
680 70
680 94
680 411
680 855
681 39
681 241
681 397
681 714
681 792
682 267
682 470
682 642
683 1
683 532
683 545
684 75
684 246
684 395
685 68
685 129
685 221
685 776
686 1
686 35
686 622
687 58
687 212
687 545
687 998
688 140
688 573
688 622
688 748
689 44
689 374
689 615
690 61
690 351
690 612
690 931
691 64
691 161
691 240
692 1
692 53
692 581
692 898
693 407
693 547
693 580
694 40
694 110
694 553
695 19
695 98
695 123
696 305
696 341
696 435
697 17
697 117
697 131
698 12
698 262
698 546
699 89
699 111
699 321
700 111
700 228
700 552
700 816
701 173
701 447
701 674
702 104
702 146
702 252
703 2
703 13
703 160
703 905
704 22
704 97
704 180
705 78
705 290
705 656
706 7
706 41
706 411
707 35
707 253
707 324
708 2
708 10
708 563
709 8
709 261
709 291
710 23
710 130
710 195
710 887
710 935
711 23
711 565
711 608
712 1
712 2
712 54
713 3
713 204
713 444
714 199
714 622
714 681
714 899
715 5
715 118
715 238
716 4
716 69
716 638
716 945
717 80
717 381
717 393
718 7
718 57
718 261
718 917
719 43
719 355
719 406
719 974
720 67
720 383
720 502
721 1
721 198
721 291
722 117
722 186
722 509
723 7
723 173
723 299
724 84
724 338
724 343
725 7
725 22
725 84
725 764
725 778
726 18
726 300
726 363
726 824
726 924
726 972
727 2
727 105
727 115
727 780
728 35
728 51
728 92
729 22
729 60
729 502
730 5
730 113
730 441
731 1
731 2
731 13
732 0
732 262
732 619
733 10
733 84
733 317
734 186
734 562
734 671
734 746
735 43
735 101
735 478
736 58
736 245
736 249
737 109
737 173
737 536
738 5
738 41
738 300
739 0
739 191
739 312
739 904
740 39
740 131
740 454
741 19
741 80
741 539
741 926
742 5
742 50
742 588
743 117
743 163
743 485
744 59
744 153
744 280
745 13
745 93
745 439
746 498
746 543
746 734
746 894
747 1
747 122
747 213
748 429
748 465
748 688
748 815
748 975
748 995
749 3
749 5
749 233
750 99
750 520
750 619
750 838
751 42
751 427
751 485
751 920
752 140
752 170
752 622
752 767
753 188
753 313
753 331
753 932
754 41
754 390
754 622
755 22
755 476
755 504
756 0
756 48
756 545
757 30
757 203
757 448
757 887
758 1
758 62
758 572
759 22
759 75
759 137
760 57
760 268
760 616
761 158
761 269
761 499
762 23
762 43
762 556
762 941
763 203
763 376
763 676
764 54
764 67
764 725
765 214
765 246
765 632
765 950
766 7
766 23
766 588
767 27
767 203
767 752
768 115
768 357
768 471
769 115
769 272
769 533
769 931
770 31
770 41
770 339
770 891
771 109
771 156
771 385
772 7
772 11
772 358
773 125
773 212
773 451
773 793
774 24
774 579
774 679
775 52
775 106
775 234
776 32
776 285
776 685
776 777
777 18
777 115
777 776
777 886
777 947
777 988
778 7
778 43
778 725
779 0
779 40
779 497
780 4
780 93
780 727
780 907
781 246
781 252
781 274
781 816
781 971
782 1
782 27
782 84
783 13
783 80
783 528
784 24
784 217
784 543
784 891
785 77
785 199
785 567
785 838
786 32
786 93
786 439
787 6
787 27
787 395
788 7
788 585
788 608
788 810
789 3
789 152
789 459
790 22
790 43
790 213
791 92
791 144
791 275
791 968
792 31
792 421
792 681
793 237
793 246
793 773
794 32
794 291
794 447
795 213
795 253
795 620
796 25
796 116
796 571
796 865
797 3
797 85
797 539
798 73
798 81
798 85
798 809
799 10
799 89
799 638
799 802
799 842
800 35
800 102
800 106
801 1
801 55
801 417
801 916
802 93
802 449
802 799
803 75
803 89
803 158
804 0
804 145
804 176
805 23
805 137
805 675
806 225
806 348
806 494
807 80
807 409
807 460
808 89
808 304
808 408
808 871
809 7
809 228
809 798
810 117
810 170
810 788
810 877
811 3
811 177
811 411
811 912
812 358
812 400
812 464
813 27
813 153
813 474
814 33
814 304
814 560
815 5
815 22
815 748
815 870
816 75
816 700
816 781
817 160
817 299
817 454
818 0
818 13
818 55
819 89
819 427
819 565
820 3
820 23
820 419
821 3
821 24
821 467
822 92
822 126
822 266
823 69
823 405
823 561
824 92
824 420
824 726
825 452
825 496
825 538
826 68
826 237
826 377
827 106
827 140
827 277
827 831
827 852
827 872
828 44
828 116
828 428
829 292
829 320
829 364
830 51
830 68
830 452
831 13
831 675
831 827
832 37
832 294
832 570
833 63
833 66
833 85
833 840
834 21
834 89
834 523
835 217
835 328
835 383
836 42
836 59
836 263
837 57
837 118
837 632
837 898
838 44
838 750
838 785
839 104
839 187
839 642
840 73
840 172
840 833
841 1
841 22
841 492
842 4
842 458
842 799
843 26
843 105
843 514
843 991
844 110
844 258
844 293
845 85
845 405
845 552
846 56
846 537
846 571
846 955
847 10
847 57
847 147
848 9
848 326
848 630
849 0
849 32
849 494
850 32
850 299
850 665
851 5
851 32
851 57
852 136
852 508
852 827
853 5
853 80
853 258
854 5
854 35
854 306
855 187
855 359
855 680
856 69
856 75
856 117
857 377
857 419
857 617
858 126
858 286
858 513
859 5
859 41
859 198
859 880
860 0
860 43
860 297
861 100
861 260
861 268
862 230
862 274
862 374
863 128
863 160
863 283
863 965
864 32
864 443
864 527
865 147
865 240
865 796
866 14
866 114
866 546
867 169
867 198
867 538
868 153
868 206
868 230
869 4
869 147
869 424
870 13
870 75
870 815
871 127
871 222
871 808
872 11
872 71
872 827
873 2
873 32
873 113
873 876
874 16
874 113
874 281
875 56
875 131
875 350
876 83
876 177
876 873
876 935
877 7
877 46
877 810
878 7
878 82
878 117
879 4
879 154
879 351
880 140
880 669
880 859
881 137
881 145
881 165
882 150
882 359
882 561
883 92
883 128
883 145
884 173
884 191
884 625
885 7
885 95
885 188
886 32
886 461
886 777
887 83
887 710
887 757
888 82
888 199
888 417
889 10
889 113
889 381
890 2
890 37
890 216
890 991
891 0
891 770
891 784
892 445
892 651
892 674
893 39
893 166
893 326
894 47
894 443
894 746
895 96
895 138
895 378
896 1
896 54
896 402
897 198
897 284
897 426
898 314
898 692
898 837
899 203
899 492
899 714
900 92
900 173
900 555
900 931
900 953
901 31
901 54
901 298
902 226
902 304
902 361
902 955
903 108
903 324
903 483
904 22
904 623
904 739
905 1
905 407
905 703
906 1
906 173
906 203
906 981
907 164
907 405
907 780
908 2
908 72
908 228
909 24
909 69
909 130
910 133
910 493
910 611
911 1
911 4
911 163
912 37
912 287
912 811
913 133
913 252
913 651
914 110
914 139
914 411
915 7
915 25
915 418
916 21
916 597
916 801
917 108
917 319
917 718
918 7
918 75
918 679
918 951
918 983
919 57
919 507
919 617
920 27
920 587
920 751
921 4
921 385
921 617
922 1
922 66
922 106
923 22
923 27
923 585
924 137
924 433
924 726
925 3
925 106
925 204
926 30
926 46
926 741
927 29
927 115
927 496
928 13
928 380
928 653
928 996
929 47
929 135
929 497
930 120
930 328
930 563
931 690
931 769
931 900
932 111
932 481
932 753
933 249
933 422
933 550
934 123
934 387
934 547
935 51
935 710
935 876
936 30
936 160
936 582
937 286
937 344
937 361
938 6
938 262
938 530
939 6
939 68
939 678
940 63
940 261
940 364
941 421
941 449
941 762
942 47
942 92
942 120
943 47
943 496
943 520
944 136
944 213
944 228
945 66
945 561
945 716
946 7
946 23
946 123
947 22
947 77
947 777
948 6
948 433
948 591
949 0
949 419
949 675
950 43
950 239
950 765
951 342
951 411
951 918
952 85
952 318
952 404
953 10
953 194
953 900
954 10
954 111
954 285
955 43
955 846
955 902
956 159
956 372
956 495
957 28
957 203
957 654
958 45
958 228
958 246
959 1
959 23
959 30
960 33
960 75
960 255
961 125
961 483
961 602
962 9
962 23
962 596
963 63
963 89
963 213
964 18
964 232
964 275
965 57
965 150
965 863
966 150
966 152
966 304
967 5
967 225
967 257
968 10
968 387
968 791
969 84
969 313
969 333
970 141
970 297
970 376
971 9
971 79
971 781
972 149
972 542
972 726
973 23
973 498
973 635
974 246
974 676
974 719
975 137
975 270
975 748
976 5
976 513
976 666
977 0
977 41
977 252
978 5
978 166
978 176
979 59
979 198
979 229
980 85
980 89
980 637
981 61
981 75
981 906
982 46
982 248
982 259
983 249
983 622
983 918
984 152
984 170
984 611
985 49
985 111
985 312
986 3
986 215
986 518
987 230
987 616
987 666
988 4
988 337
988 777
989 204
989 211
989 600
990 22
990 32
990 178
991 367
991 843
991 890
992 2
992 258
992 261
993 54
993 55
993 128
994 57
994 244
994 565
995 38
995 305
995 748
996 27
996 539
996 928
997 0
997 5
997 592
998 86
998 118
998 687
999 39
999 54
999 638
